 25 31 22 13 08 15 09 08 12 04 09 07 09 10 11 21 09 06 06 20 28 17 12 13 16 24            
 21 12 15 31 14 13 18 14 15 06 12 07 09 15 08 07 09 10 12 22 28 43 42 24 26               
 10 08 13 22 13 28 14 18 06 12 16 06 04 08 12 08 17 20 25 26 36 31 50 47 21               
 12 07 09 15 34 19 16 15 07 03 07 14 06 09 15 14 27 17 23 29 20 33 02 27 25               
 09 10 09 14 14 10 07 06 27 07 10 15 13 18 20 17 23 31 34 44 44 47 19 19 25               
 07 15 16 14 14 09 03 08 11 14 12 17 10 20 16 23 25 38 37 48 44 39 22 12                  
 09 08 15 08 13 14 07 10 08 09 14 13 06 15 17 37 24 37 29 44 44 31 31 20                  
 13 12 18 04 10 08 06 04 09 07 09 08 14 06 28 24 34 30 32 44 38 42 30 49                  
 16 14 21 08 07 08 11 04 06 11 13 06 05 18 20 22 32 23 36 34 34 23 34 33                  
 09 07 12 13 07 07 03 11 10 16 13       13 20 26 25 36 28 42 29 34 48                     
 12 23 23 08 07 09 06 06 01          01 12 21 23 17 16 25 37 19 20 36                     
 11 12 27 11 15 05 14 17                02 18 25 16 16 23 19 24 19 41                     
 09 10 23 14 13 07                         21 18 14 20 21 20 26 25 30                     
 10 16 12 02 06                               04 26 31 18 09 15 27                        
 06 25                                              24 40 17 09 23                        
 04                                                 15 26 40 31 13                        
                                                    06 27 16 18 24                        
          13 11 01                                  08 27 31 25 22                        
       22 27 32 33                                  31 30 24 41                           
 15 30 22 30 40 32                               43 49 37 41 35                           
 16 28 38 34 37 02                            29 43 38 43 30 38                           
 18 26 32 40    14                            16 51 35 49 32 31                           
 09 13 09 21 08       04                   34 44 44 32 41 41                              
    01          11                         19 33 40 36 44 34                              
                   27 04             16 27 42 53 43 38 36 39                              
                                  37 51 41 45 50 37 26 38 44                              
                                                                                          
                                                                                          
                                                                                          

